135560806
148550945
149344680
184425182
195296900
195296901
195296902
195296903
210441151
211956730
220104390
304639255
304639256
304639257
304639258
304639259
304798980
304798981
304798982
304798983
304798984
304798985
304798986
304798987
304798988
304798989
304801470
304801471
318740811
318740812
318740813
318740814
318740815
318740816
318740817
320540230
331446921
331446922
332240521
332240522
333482910
338164702
338503633
339447612
339447613
339958430
339982310
340110430
340410112
340410113
345637420
347212637
348182420
360751240
360751241
363612062
363612063
363862715
364816535
364816536
364816537
364816538
366154686
367207355
367207356
368121494
368472670
368472671
368472674
369701204
369701205
369701206
369796515
370770092
371776972
373960139
376064539
383966310
383966311
387818086
388364793
388840140
388840141
389463750
391030062
391030063
391188086
392462674
393214230
397520380
399024606
406367997
412954112
413481092
413481099
414551290
414754900
414754903
416342142
417528900
418656094
418852314
427619586
428130640
433362020
433941711
434392311
435050800
435050801
435192247
435192248
435192249
435522710
436182939
436603170
437009743
437009744
437652148
440095838
440095839
440705832
441084331
441474931
442179080
444155186
446098432
446098434
450989030
451636550
452934223
461003880
463315722
464997318
466046206
469262076
469726736
469936872
470172310
470172311
470739870
470739871
470764811
470764817
471138180
471138182
471400368
471400369
471614367
471757663
471757664